history:
- duration_sec: 60
  findings_count: 5
  round: 1
  time: '2026-07-18T06:56:50.082159'
- duration_sec: 60
  findings_count: 5
  round: 2
  time: '2026-07-18T06:57:10.829629'
- duration_sec: 60
  findings_count: 5
  round: 3
  time: '2026-07-18T06:58:15.166174'
- duration_sec: 60
  findings_count: 5
  round: 4
  time: '2026-07-18T06:58:57.431709'
- duration_sec: 60
  findings_count: 5
  round: 5
  time: '2026-07-18T06:59:28.461469'
last_updated: '2026-07-18T06:59:28.461505'
metrics:
  avg_duration_sec: 60
  avg_findings_per_round: 5.0
  avg_interval_min: 0
  rounds_without_findings: 0
recommendation:
  next_round_after: 30m
  reason: "Enough findings \u2014 next round ready"
  status: ready
version: 1.0.0
